1222670
281990
529340
594650
244210
548430
251570
377160
1549250
1623660
1846380
105600
444200
739630
221100
1248130
813780
552500
582010
1544020
570
1142710
648800
1466860
284160
431960
730
252950
1245620
252490
322330
8930
108600
1811260
294100
1677740
250900
892970
1172620
236850
686810
271590
359550
381210
578080
292030
289070
1085660
1449850
346110
1174180
440
218620
1158310
1506830
255710
1517290
1238810
440900
413150
1063730
550
427520
394360
1569040
306130
1919590
1568590
513710
582660
1361210
322170
526870
1593500
438100
227300
1599340
236390
107410
368260
242760
1091500
1904540
261550
304930
10
4000
1238840
1446780
1203220
960090
291550
1938090
39210
230410
1281930
489830
629520
1687950
1172470
275850
3590
814380
1644960
1942280
1329410
1190340
1293830
239140
1454400
457140
466660
646570
1461810
1418630
552990
766570
1426210
962130
632360
393380
1794680
975370
1113120
386360
1151340
1531430
1551360
1515950
1145360
518790
238960
