1222670
281990
529340
594650
244210
548430
251570
377160
1549250
1623660
1846380
105600
444200
739630
221100
1248130
813780
552500
582010
1544020
570
1142710
648800
1466860
284160
431960
730
252950
252490
322330
8930
1811260
294100
1677740
250900
892970
1172620
236850
686810
271590
359550
381210
578080
292030
289070
1085660
1449850
346110
1174180
440
218620
1158310
1506830
255710
1517290
1238810
440900
413150
1063730
550
427520
394360
1569040
306130
1919590
1568590
513710
582660
1361210
322170
526870
1593500
438100
227300
1599340
236390
107410
368260
242760
1091500
1904540
261550
304930
10
4000
1238840
1446780
1203220
960090
291550
1938090
39210
230410
1281930
489830
629520
1687950
1172470
275850
3590
814380
1644960
1942280
1329410
1190340
1293830
239140
1454400
457140
466660
646570
1461810
1418630
552990
766570
1426210
962130
632360
393380
1794680
975370
1113120
386360
1151340
1531430
1551360
1515950
1145360
518790
238960
1948800
1961460
1665460
2078890
2208920
1447430
453480
779340
2405
13013
1235140
1621690
21432
2058190
361420
1659040
728880
2178420
1825750
1435790
477160
812140
367520
1025960
124923
924970
1046480
1635450
1462040
286160
534380
880940
1151640
1817070
21105
5699
1217390
1062520
2164540
1332010
916440
1477590
1259420
264710
1384160
985810
960170
1144200
24548
692569
1659420
1817190
1850570
2119490
24542
1118010
1049590
740130
389730
1196590
872410
24544
26688
1245620
108600
12260
1604030
835570
958260
990080
1016920
6465
1147560
510899
977950
12218
1826980
1868140
397540
2202
1997040
16675
1217060
1404850
1599660
495420
1693980
1974050
740080
2017220
673750
674020
814000
1286680
1509960
1229240
1290000
1817940
761890
1515210
1826140
8870
6998
1973710
1680880
270880
1923
5555
1802870
29537
23691
16668
1608290
1424800
851850
1549180
21037
1585220
5497
8500
2221490
2183320
1562700
868360
15366
1255630
1030840
1276790
1954420
774171
1584090
815370
1055810
26583
23361
982290
1498570
278080
12645
1178830
1573280
28311
1213210
1341200
1286580
1250410
1071870
1607890
30150
18725
1057090
2271911
1811950
2193910
24815
933110
24081
1732330
21160
1490890
898750
1382330
1201270
1809700
502500
2088380
25263
368776
1933390
312520
30036
22933
709
21937
1954200
1547000
5702
21788
764692
601150
25699
1816550
379430
1184370
14069
1237970
219990
952060
223750
223850
1182900
23769
719040
15295
588650
22955
12695
13014
2231380
10076
1336490
568220
1256670
1113410
323190
3341
703080
699130
848450
1244460
1169040
23694
644930
1044720
1222140
412020
1451940
24084
29655
1817230
2113920
436150
2239550
1190000
780310
1897120
775500
1252600
1968840
476600
1754870
22460
12261
1658290
466560
1377380
493520
16227
12958
1426300
233860
1938010
1580520
1065310
393080
1372110
527230
1880360
2050650
702320
1770080
1805480
510898
601510
24546
22703
365450
1451190
30380
1677280
1962450
1282150
1140620
1222700
1325200
386940
28590
1341290
470310
803600
466130
1475840
1016360
1235731
47890
1407200
5465
29355
29273
1368910
1448440
1412470
752590
18267
851890
1338770
858820
1465360
26454
11256
21456
867180
597220
